function [data] = PCA_data()

% ==================================
% Data set for the PCA demonstration
% ==================================


% Pilot-Plan Data
data = ...
  [123    76
   109    70
    62    55
   104    71
    57    55
    37    48
    44    50
   100    66
    16    41
    28    43
   138    82
   105    68
   159    88
    75    58
    88    64
   164    88
   169    89
   167    88
   149    84
   167    88];